5.000
5.000
3.200
3.600
3.600
1.400
2.250
3.500
3.000
3.800
5.000
2.000
3.000
3.000
2.600
3.600
2.400
1.750
3.000
4.600
4.200
2.750
2.500
4.750
3.500
3.000
2.625
3.600
4.200
2.000
3.200
3.800
4.250
4.250
3.400
2.000
2.600
2.800
2.400
4.600
3.750
0.250
1.750
3.500
3.400
3.600
2.750
2.800
3.500
1.900
3.000
3.000
3.750
4.000
3.857
4.250
1.273
2.600
4.500
2.333
2.250
3.500
4.000
2.000
4.000
2.800
1.400
3.200
2.400
4.000
3.000
2.500
4.091
3.667
2.667
3.800
3.000
5.000
4.500
3.600
1.800
4.000
1.200
2.600
3.000
2.750
4.000
3.000
4.333
2.800
2.200
2.000
2.333
3.250
3.500
3.750
2.750
2.200
5.000
5.000
0.300
0.600
4.200
3.600
5.000
2.750
5.000
3.750
5.000
1.250
5.000
4.250
3.400
1.600
5.000
3.600
5.000
2.600
5.000
3.200
4.800
5.000
5.000
2.200
5.000
4.250
5.000
2.500
2.800
2.800
2.800
2.800
5.000
4.800
2.400
4.200
5.000
5.000
5.000
3.750
3.800
2.000
2.000
1.583
1.778
2.000
2.000
2.000
3.200
3.800
4.400
5.000
5.000
3.500
4.000
3.500
4.400
3.800
2.600
3.000
5.000
5.000
3.667
2.333
2.500
5.000
3.824
4.000
4.400
0.200
5.000
5.000
4.000
1.600
5.000
4.600
5.000
2.375
2.600
2.600
2.600
2.200
1.700
3.400
2.000
4.000
3.250
4.500
2.600
2.000
1.800
1.556
4.500
4.000
4.500
5.000
4.200
1.600
0.500
1.400
1.600
4.400
1.800
2.200
2.600
2.400
1.600
3.000
2.000
2.000
3.800
4.000
3.000
4.400
4.800
4.800
2.500
2.000
0.750
0.727
0.000
1.250
1.250
1.250
0.500
3.250
1.333
1.000
1.400
1.333
5.000
4.000
3.000
4.400
2.000
2.167
1.400
1.200
1.200
2.200
1.250
5.000
4.000
4.000
3.200
2.000
2.200
3.200
1.500
4.750
0.500
0.067
1.600
2.600
4.875
5.000
2.000
1.400
1.400
3.600
0.800
3.800
2.000
1.600
3.000
3.615
3.750
0.500
4.000
4.000
3.333
1.500
4.400
4.857
2.875
0.800
5.000
2.200
0.200
0.400
0.200
1.800
1.600
1.300
1.200
1.200
0.200
1.200
3.000
3.500
3.500
2.000
4.400
5.000
0.000
3.200
3.250
0.000
1.000
3.667
3.000
4.200
5.000
4.091
1.800
2.000
2.800
1.000
3.800
4.000
1.400
1.800
5.000
0.400
4.400
1.000
3.000
1.200
3.200
2.600
4.600
3.400
2.000
4.000
4.200
3.800
3.400
3.800
4.400
4.200
4.600
1.200
1.200
0.800
3.200
4.000
2.600
4.400
4.200
3.200
3.400
4.000
4.800
0.200
1.800
2.600
2.800
5.000
0.250
3.750
1.750
3.500
3.400
1.400
1.400
1.000
1.800
4.600
0.400
3.600
3.250
0.778
1.250
0.750
1.500
1.000
3.750
3.250
4.000
3.000
1.667
3.333
2.250
0.500
2.750
2.000
0.833
3.750
4.000
3.250
2.750
1.000
3.500
3.750
4.400
0.400
0.400
4.200
2.500
0.250
0.250
0.250
3.800
2.600
2.600
2.000
1.800
0.000
1.200
3.800
3.600
1.800
1.200
3.200
2.200
0.800
1.600
2.800
0.583
3.200
0.800
3.800
0.000
0.667
5.000
4.333
4.214
1.800
0.400
2.000
2.800
0.800
0.800
0.400
0.250
0.750
0.750
1.000
0.000
0.800
3.400
2.769
2.800
3.200
4.200
2.400
4.400
1.800
0.800
1.400
2.250
0.250
3.250
4.500
4.200
0.800
0.800
0.800
0.250
2.750
4.250
0.500
0.500
0.000
0.500
0.600
2.200
3.200
4.400
3.000
2.250
2.583
0.000
0.000
1.800
0.000
1.400
0.000
0.400
0.000
0.000
3.000
2.000
2.200
1.200
0.000
1.000
1.533
1.667
1.000
0.308
0.000
0.200
4.200
2.600
3.000
3.800
0.750
0.250
0.750
3.000
0.400
0.400
0.400
4.200
3.500
3.500
3.000
3.750
3.400
3.400
3.600
3.800
1.000
1.400
3.400
3.600
2.800
4.000
3.200
3.400
2.333
2.667
3.000
4.667
3.200
1.600
3.000
0.200
0.800
1.200
0.800
0.800
0.750
0.000
0.250
4.000
3.000
3.333
3.333
2.000
3.000
3.750
4.000
3.000
2.000
3.750
0.000
0.400
0.400
3.200
0.400
2.000
0.000
0.000
0.000
0.500
4.500
0.500
0.500
0.500
4.000
3.750
4.250
3.750
2.750
3.250
3.000
0.800
0.400
0.400
0.400
0.250
0.250
0.750
0.250
4.800
0.800
0.000
3.000
0.750
3.750
2.500
0.000
0.250
0.000
3.500
3.250
0.400
0.800
1.800
1.600
1.200
4.200
0.200
0.200
0.500
0.000
4.500
0.000
2.500
0.750
4.000
3.400
3.400
0.400
0.400
3.200
2.400
3.000
0.400
0.500
3.929
3.000
1.750
0.000
0.400
2.200
2.600
3.500
0.500
0.000
0.000
0.000
1.000
2.000
1.200
0.600
0.800
4.000
0.500
2.500
2.750
3.250
2.000
0.800
0.000
0.400
0.600
0.800
0.800
0.800
0.400
3.000
0.400
0.000
0.000
0.000
0.400
0.000
3.600
0.231
3.200
0.000
0.500
0.300
1.250
0.000
2.750
5.000
0.750
1.250
0.000
0.000
4.500
5.000
3.000
5.000
5.000
3.200
5.000
4.900
5.000
5.000
5.000
3.571
1.400
5.000
3.800
3.400
5.000
4.800
3.400
4.800
5.000
4.200
4.375
5.000
3.750
3.750
4.800
5.000
5.000
4.400
4.857
4.200
5.000
2.800
5.000
4.200
5.000
3.800
2.800
4.167
4.833
4.200
4.200
5.000
4.250
4.000
3.200
4.400
4.400
3.400
4.000
4.800
4.800
4.400
4.200
4.400
2.400
4.400
4.600
4.800
1.2
0.2
1.6
2.2
0.6
2.6
3.4
0.4
2
1.6
0
1
3.4
1
0.4
2.4
3.2
1.8
0
0.8
3
3.8
2.2
3.8
2.6
0.6
0.2
1
3.2
0.4
4
1.6
0
0
4.4
3
1.6
4.6
4.2
3.4
0.2
0.6
2.4
0.8
4
0
3.8
0.2
4
2
0.8
4.4
0.8
4.2
0.6
0
4.8
0
1.4
3
4
0.4
4.6
1
5
3.5
2.25
4.8
4.4
0
0
0
4.8
3.6
0.75
0
0.4
0.4
0.4
0.4
0.4
0
0
3.6
0.6
3.8
0.8
0.8
4.5
0.8
3.8
1.2
0.2
4
3.8
1.2
4.6
3.8
4.8
1
3.4
1.4
0
3.8
2.6
0.6
0.6
0.6
1.2
0.4
0
4.4
1.4
4
4.8
4
4.6
4.6
0.2
0.2
2
0
0
3.4
4.2
1.2
0.2
4.2
0.2
0.4
4.2
3.4
0.4
4
2.2
2.8
0.6
0.75
4.8
2.8
0
0
0.6
0.4
0.4
0.4
0.8
1
4
1.6
2.4
4.6
2.2
3.8
0.4
0.2
1.4
4.6
3.8
0.2
0.6
0.4
0.4
0.2
0
4.2
0.2
3.4
5
0.4
2.8
4
3.8
0.2
4.6
0.6
4.4
2.6
3.8
0.4
1
3.2
4.8
0.6
3.2
0.6
0
1.4
0.4
3.2
1.8
0.2
2.4
4
1
3.6
4.4
0.6
0
4.2
4.4
1
0.8
4.4
4.2
0.2
0.4
0
4.8
0
0.4
3.8
4.6
2.6
3.2
0
4.4
4.2
0.2
4
0
0
3.8
4.2
4.2
4
4.2
0.2
4.8
1
0.8
3.2
3.8
0.4
4.8
4.4
0.2
3
0.4
0.2
3.6
0
1.4
3.6
3.8
1
0.4
0.6
0
0.6
2.8
1.6
4.2
4.2
4.2
0
0.8
3.2
0.8
4.2
3
0
4.6
3.6
0.6
0
0.2
3.8
1.4
1.8
5
4.4
4.8
4.2
3.4
0
0.2
4.66666666666667
3.2
2.8
2
4
0.8
4.2
3.6
4.4
4.2
2.4
3.2
5
2
1.2
0.2
3.8
4.8
0.4
4.4
1.2
0.4
0.2
4.6
4.6
0.2
4.6
2.4
0.4
4.2
2.6
2.2
4.2
4.6
4.2
4.2
3.8
0.75
0.4
2.6
4.4
0
4.4
4
0.8
0.2
0.6
3.6
0.2
0.4
3.75
0.6
0.8
3.8
3.8
4.4
0.2
4.6
3
0
0.4
4
4
2.8
0.2
1.8
4
0.6
1.6
3.8
0.8
4
1
3.2
0.4
4.2
4.4
4.4
0
1.4
3.4
4.8
4
0.2
3.8
0
0
3.6
0.2
4.2
0.2
4.6
0.6
0.6
3.8
0.4
1.8
0.6
4.4
4.4
1.2
1.6
1.8
0
0.4
4.8
0
2.4
0
4.4
3.8
0.6
4.6
4
0.8
2.4
4.4
3.2
4.4
3
0.8
4.8
0.2
3.6
4.6
0.4
3.8
0.6
5
4
3.8
4.2
4
0
4.4
0
2
0.2
0.2
2.8
0.6
3.8
4
4
2.2
3.8
0
0.4
1.2
5
0
4.4
1
4.2
3.8
2.8
2.6
4.4
2.6
3.8
4.2
3
3.8
3.2
4
0.8
1.4
2.4
2.4
3.2
3.8
0.4
4.4
2.8
1
0.75
0.2
3.8
2.4
3.6
2
1.4
4.8
2.2
3.4
3.2
1.8
4
1
1
4.8
3.2
5
3.6
4
2.2
1.8
0.6
1
4.4
1.6
1.4
4
2.8
3.6
3.8
1.4
1
0.4
0.6
1.8
1.4
3
4.6
3.2
5
0.6
2.4
4.2
0.4
1.2
1.6
1.6
4.8
1.2
0.8
4.2
0.6
1.8
2.2
3.6
1
0.6
1.8
1.2
4.6
0
0
3.2
0
1.6
1.4
1.6
1.6
3.2
2.2
1.4
2
3.4
3.2
2.4
4.8
2.8
3.6
4.6
2.4
0.8
3.8
0.4
4.6
1
0.4
2.6
0.8
0.8
1.6
0.8
2.4
3.6
3.75
4.2
4
4.8
3.8
5
3.2
2.4
3.2
4
3.6
2
4.4
3.8
0
0.6
3.4
2.6
0.8
2.8
3.6
3.8
4.2
1.6
2.6
4.4
0
4
4.8
2.2
1.6
4
3.8
1.6
3.8
1.4
1
4.2
1.2
0.4
3.8
3.6
4
3.8
1
3.8
3.4
1.8
3.6
4.4
3.8
4.8
1.4
0.8
0.2
3.4
0.2
1.4
4.6
3.8
1
1.4
0.8
4.2
1.8
3.2
4.6
4.6
4.2
0.2
1
1.6
3.6
0.4
0
1.2
1.8
2.2
3.8
3.8
3.6
0
0
2.4
0.6
3.2
5
1
1.4
2
2.6
0.8
3.6
4
3.2
4.4
1.6
0.4
5
4
2.8
0.8
3.2
2.8
1.2
3.8
4.4
2.33333333333333
3.4
0.4
3.8
4
2
1
3.6
4
1.8
4.6
1.8
4.2
4.6
3.4
3
3.8
0.6
3.8
1.8
2.6
2.6
2.4
0
4
3.6
0.4
1.4
4.4
0.4
1.25
4.4
2.2
3.4
4
1.4
4.6
2.6
4.2
3.8
0.6
3.6
3.6
4.2
1.6
4
2.4
2.6
0.4
3.6
1
4.8
4
4.8
0.8
2.8
3.8
1
2.8
1
4.25
0.6
2.4
4.4
0.4
0
2.8
1.6
3.2
0
0
2.2
5
4.8
1.8
1.6
1
4.8
3.6
4.8
3.2
5
1
3.6
4.4
4
2.6
2.8
4.8
3.8
1
1.5
3.4
3
4.6
3.6
1.4
1.6
4.2
3.8
0.8
5
3.6
2.6
3.8
1.6
1.6
4
0
2.2
2.2
1.4
3
4.4
0.2
1
0
3.2
3.8
4
2.8
1.4
4.4
0.6
3.6
1.4
4.2
3.8
1.6
3.4
1.8
3.8
1.2
3.4
2.6
4.5
1.8
0
2.6
2.8
3.8
3.4
1.4
4
4
4
3.8
3.6
0.8
0
3.8
0.6
2.2
1.2
3.8
0.6
2.8
2.6
3.2
3
3.4
1
4.2
0.8
2.2
3.2
3.4
3.2
0.6
1.6
0.8
1.2
3.4
4.2
4.8
0.6
3.4
4
3.6
4.2
4
0
3.8
4.4
3.8
3.8
0.8
4
3.8
2.2
4.8
2
0.4
2
0.4
4
0.2
1.8
1.4
0.8
1.8
0.8
2.4
1.2
1.6
2.6
2.2
1.4
1.8
1.2
1
3.4
0.6
2.4
1
4.8
3.6
3.4
2.8
1.8
2
4.4
1.8
2.4
1.6
4.8
1.8
3.6
2
1.4
2.4
2.4
4.6
1.2
3.2
4.4
3
1
1
3
0.6
2.8
3.6
3.8
3.6
1.4
3.8
3
2.2
2
3
4
3.6
2.4
4.2
2.4
1.2
4.6
4
3.8
3.6
3.8
1.4
4.6
3.8
5
1.8
4.4
3
3
2
4
2.6
5
0.6
4.2
1
4.4
2.2
4.6
4.2
3
1.6
4.5
0.8
1
1.2
0.8
1.6
4.2
0
1.4
4.8
4.4
3.2
2.4
4.2
4
3.8
2.8
1
2.4
0.5
1
3.2
2.4
1
3.2
2.2
4.4
0.8
1.4
3.4
4.4
2.8
0.8
2.6
5
4.2
1.2
4.4
2.2
3.2
3.4
1.6
2.4
3.4
1.6
4.2
4.2
1.8
0.6
1
1.4
1.2
1.2
0.6
3.2
0.2
1
