4.000
3.750
2.800
3.400
2.400
1.333
4.600
3.800
4.200
2.600
4.400
4.200
5.000
5.000
3.400
4.000
5.000
4.400
0.800
3.200
3.800
4.200
3.000
3.600
3.000
3.000
3.000
4.800
2.500
3.500
3.000
3.667
1.667
3.600
3.800
3.400
3.400
3.800
2.800
3.750
3.750
2.750
3.750
2.250
3.800
3.200
3.800
4.800
4.000
1.400
4.200
1.800
4.200
2.000
2.600
3.250
5.000
3.000
3.750
4.250
4.750
3.250
3.250
3.600
3.800
3.400
4.200
3.400
3.250
2.750
3.400
3.600
3.600
4.800
4.000
3.400
4.222
3.000
3.000
2.750
4.000
1.750
4.500
3.250
5.000
3.000
2.800
2.667
4.000
4.400
4.250
4.176
2.500
3.800
1.400
2.800
2.800
1.000
4.200
3.500
3.000
4.000
2.000
3.200
3.600
3.800
5.000
4.000
2.500
3.000
4.000
2.000
3.000
3.200
4.000
3.200
2.400
4.400
3.600
2.400
3.600
4.600
4.400
4.400
4.600
4.400
2.600
3.200
2.800
1.600
3.400
4.000
2.600
3.000
3.600
5.000
3.400
4.000
4.000
3.500
4.500
3.200
4.000
3.250
3.000
1.500
4.250
0.750
3.000
3.500
3.750
4.000
1.750
1.750
3.750
4.000
2.000
1.400
4.800
3.400
2.400
3.400
4.800
2.400
2.600
4.400
3.200
4.000
3.250
4.000
2.750
4.000
3.600
3.600
4.400
3.800
4.200
3.600
3.600
3.250
4.000
4.500
2.500
3.750
4.000
1.500
3.750
3.455
5.000
4.000
2.500
5.000
3.833
3.750
3.250
2.750
3.000
4.400
3.200
4.600
3.600
4.400
3.400
4.056
3.500
5.000
3.000
3.750
4.000
4.000
4.750
3.800
4.000
3.000
3.176
4.200
4.600
4.000
4.000
3.250
3.643
4.000
1.000
3.400
1.750
3.000
3.250
3.400
3.600
3.200
3.200
2.400
3.400
3.600
3.800
3.400
4.800
3.800
3.333
2.500
3.000
3.600
2.400
3.200
2.000
3.800
3.000
3.692
2.750
3.250
3.250
3.600
3.500
5.000
3.750
3.000
3.333
3.333
4.667
3.333
2.600
1.800
3.600
2.400
3.000
2.000
1.600
4.000
3.600
3.800
4.400
3.000
3.800
3.000
1.000
3.000
4.000
3.500
4.000
3.250
2.000
1.000
3.000
2.600
4.600
3.200
3.000
4.750
2.750
2.750
2.200
3.000
2.400
3.000
3.000
4.000
2.588
3.600
4.667
3.333
3.333
3.000
2.500
3.250
4.000
4.500
4.750
2.000
3.600
2.769
3.400
3.500
4.000
1.800
3.400
4.733
1.600
3.200
4.800
1.400
2.600
3.500
3.750
3.250
1.750
3.000
3.500
3.250
0.500
2.250
4.000
3.250
4.250
2.400
3.400
3.800
4.000
3.200
3.500
4.500
4.500
3.600
2.800
4.800
0.800
2.250
5.000
3.750
3.333
3.000
3.444
3.600
3.750
3.000
3.250
3.400
3.800
3.600
3.400
3.600
2.400
2.400
2.400
0.889
3.250
4.750
4.750
4.000
3.500
5.000
3.000
3.800
3.000
4.800
3.800
3.600
4.600
3.800
4.800
2.000
3.200
2.200
4.000
4.200
2.000
4.000
3.000
0.800
2.800
3.000
3.800
4.400
1.400
3.200
1.600
3.273
4.000
3.250
3.250
5.000
3.500
3.417
1.750
2.700
3.750
3.750
4.111
3.600
4.200
3.750
3.800
4.400
3.600
4.600
1.667
4.000
4.333
3.500
3.500
2.000
3.750
2.000
1.800
2.667
3.800
3.200
4.333
3.000
2.250
2.250
0.750
4.000
3.500
5.000
3.750
4.500
4.000
3.250
0.750
4.000
3.400
3.400
2.600
3.600
5.000
4.250
3.400
4.250
3.250
4.250
3.750
3.667
4.333
3.909
3.933
3.750
3.750
4.250
3.500
4.750
3.500
3.250
2.750
3.500
2.750
1.400
1.500
4.250
4.800
4.800
4.800
4.800
4.800
4.200
4.000
3.800
5.000
4.800
3.500
4.800
3.000
3.400
3.600
4.600
4.800
4.200
4.400
4.400
5.000
4.200
5.000
4.857
4.667
4.000
4.400
4.400
4.600
3.800
2.800
4.250
5.000
4.800
4.250
5.000
4.000
4.000
5.000
4.000
4.400
1.000
4.200
4.600
5.000
4.800
4.600
4.400
3.600
4.400
4.000
5.000
4.600
2.400
4.600
4.000
4.400
3.800
4.200
3.600
4.750
4.400
4.200
4.000
4.400
4.000
3.800
5.000
4.000
3.800
5.000
4.200
4.600
1.800
2.800
5.000
4.000
5.000
4.400
3.800
5.000
4.600
5.000
3.500
3.750
3.750
5.000
4.600
5.000
4.800
4.400
4.800
4.400
4.200
4.400
4.800
4.800
3.600
4.200
5.000
5.000
4.200
5.000
5.000
5.000
4.000
5.000
4.400
4.750
4.500
4.500
4.600
4.600
5.000
4.600
4.600
4.600
4.600
5.000
4.200
4.800
4.800
5.000
4.600
4.600
4.400
4.200
5.000
4.800
4.800
4.000
5.000
4.000
4.000
4.111
4.600
5.000
4.800
5.000
3.600
4.800
4.600
4.800
5.000
3.800
4.800
3.600
4.200
3.200
1.600
4.400
4.000
4.400
5.000
4.000
5.000
5.000
4.800
3.800
3.400
5.000
2.600
5.000
4.000
4.600
4.000
4.200
3.200
4.600
4.800
4.400
4.667
4.400
3.800
4.800
4.600
5.000
4.800
4.600
4.714
3.600
4.600
5.000
4.600
4.600
4.600
4.200
4.500
4.000
4.600
4.000
4.500
4.750
4.250
3.750
3.600
4.400
3.000
4.571
4.600
4.600
4.800
4.800
4.000
4.600
3.250
5.000
3.600
5.000
4.500
5.000
4.750
4.000
4.600
3.800
4.200
3.800
3.250
4.250
4.250
4.800
4.800
4.600
4.800
4.200
4.000
4.750
3.500
4.400
4.600
5.000
4.600
4.800
4.800
4.800
4.200
4.800
4.200
4.600
3.600
4.600
4.600
4.400
4.600
4.000
4.800
4.400
4.000
4.200
4.800
4.000
5.000
5.000
4.600
4.400
4.600
4.600
4.600
4.800
4.400
4.400
4.200
2.800
4.600
4.000
4.200
0.4
2.2
0.4
2.8
4
2.4
2.4
2.6
2.8
3.8
0
3.2
3
2.6
1.6
1.8
2.8
0
2.6
1.4
2
2.6
1
0.2
0
0.8
2.2
0.8
0.4
2.2
1.4
1.4
1.8
0
3.4
0.6
0
1.8
1.6
0.8
3.2
4.2
4.2
3.4
2.6
3.8
3.6
3.6
4.8
0.4
4
4.4
