4.000
4.800
4.000
4.800
4.400
4.400
4.000
4.800
4.000
4.600
3.250
4.200
3.400
4.750
4.600
4.800
4.600
4.000
4.800
3.800
4.200
4.600
4.200
3.800
4.400
4.800
3.800
4.200
4.250
4.000
3.600
3.200
4.200
4.400
4.800
4.600
4.800
4.800
5.000
4.600
4.000
4.800
3.600
4.250
4.000
4.400
4.400
4.800
4.800
3.400
4.400
4.600
4.200
4.400
3.800
4.400
4.000
4.200
4.800
4.000
4.200
4.000
4.000
4.400
4.600
4.200
4.200
4.400
4.800
4.000
4.800
4.200
4.250
4.200
4.250
4.500
4.000
4.200
4.400
4.200
4.500
5.000
4.000
4.400
4.600
4.200
4.600
4.800
4.400
4.400
4.600
4.400
4.200
4.400
4.800
4.800
4.400
4.400
4.400
4.800
4.400
4.250
4.400
4.400
4.400
2.800
4.800
5.000
4.600
4.800
4.400
4.600
4.000
4.200
3.800
4.600
4.800
4.200
4.400
4.400
4.400
4.400
4.200
5.000
4.400
4.400
4.200
4.000
3.600
4.400
4.400
4.200
5.000
5.000
5.000
4.600
3.200
3.800
4.400
4.800
4.200
4.600
4.400
4.800
4.200
4.400
4.600
5.000
3.500
4.200
5.000
4.400
3.800
4.600
5.000
0.6
3.2
3.8
2
2.33
0
